Some((
    red: 0.2901961,
    green: 0.21176471,
    blue: 0.37254903,
))