Some((
    red: 1.0,
    green: 0.47450984,
    blue: 0.7764704,
))